best_epoch: 45
best_val_RMSE: 0.04883311246195709
test_RMSE: 0.04274432408653178
test_R2: 0.9898623824119568
