best_epoch: 83
best_val_RMSE: 0.03768546977780362
test_RMSE: 0.041847890398333115
test_R2: 0.9902831315994263
