best_epoch: 86
best_val_RMSE: 0.033629934927713365
test_RMSE: 0.035625527816133366
test_R2: 0.9929578900337219
